Searching /mnt/imagens/20200601.mem
Found AES-128 key schedule at offset 0x33d9c50: 
a4 10 9a d7 34 f2 28 9e 36 5c 60 f0 bd 1b de 63 
Found AES-256 key schedule at offset 0x41da170: 
ac 51 98 98 c7 ff 98 96 df 13 c3 5c d3 87 84 b2 d5 f8 5a 2f 78 e2 2d 88 5c 20 96 59 db 79 cd fc 
Found AES-128 key schedule at offset 0x41dabb0: 
8d 12 c6 19 7a e0 9a 83 e8 b1 41 70 25 04 21 83 
Found AES-128 key schedule at offset 0x46d85e0: 
cc 5f c1 68 ff 97 21 58 bf 33 3f d5 a1 4f d7 b0 
Found AES-256 key schedule at offset 0x98ec120: 
46 34 32 43 46 32 46 41 36 44 46 34 46 39 32 43 44 34 31 35 42 33 45 42 44 41 36 30 45 34 43 34 
Found AES-256 key schedule at offset 0x98ec560: 
46 34 32 43 46 32 46 41 36 44 46 34 46 39 32 43 44 34 31 35 42 33 45 42 44 41 36 30 45 34 43 34 
Found AES-256 key schedule at offset 0x98ec780: 
46 34 32 43 46 32 46 41 36 44 46 34 46 39 32 43 44 34 31 35 42 33 45 42 44 41 36 30 45 34 43 34 
Found AES-256 key schedule at offset 0x98ec9a0: 
46 34 32 43 46 32 46 41 36 44 46 34 46 39 32 43 44 34 31 35 42 33 45 42 44 41 36 30 45 34 43 34 
Found AES-256 key schedule at offset 0x98ecde0: 
46 34 32 43 46 32 46 41 36 44 46 34 46 39 32 43 44 34 31 35 42 33 45 42 44 41 36 30 45 34 43 34 
Found AES-256 key schedule at offset 0x98ecef0: 
46 34 32 43 46 32 46 41 36 44 46 34 46 39 32 43 44 34 31 35 42 33 45 42 44 41 36 30 45 34 43 34 
Found AES-256 key schedule at offset 0xd61f020: 
46 34 32 43 46 32 46 41 36 44 46 34 46 39 32 43 44 34 31 35 42 33 45 42 44 41 36 30 45 34 43 34 
Found AES-256 key schedule at offset 0xd61f240: 
46 34 32 43 46 32 46 41 36 44 46 34 46 39 32 43 44 34 31 35 42 33 45 42 44 41 36 30 45 34 43 34 
Found AES-256 key schedule at offset 0xd61f570: 
46 34 32 43 46 32 46 41 36 44 46 34 46 39 32 43 44 34 31 35 42 33 45 42 44 41 36 30 45 34 43 34 
Found AES-256 key schedule at offset 0xd61f790: 
46 34 32 43 46 32 46 41 36 44 46 34 46 39 32 43 44 34 31 35 42 33 45 42 44 41 36 30 45 34 43 34 
Found AES-256 key schedule at offset 0xd61fac0: 
46 34 32 43 46 32 46 41 36 44 46 34 46 39 32 43 44 34 31 35 42 33 45 42 44 41 36 30 45 34 43 34 
Found AES-256 key schedule at offset 0xd61fbd0: 
46 34 32 43 46 32 46 41 36 44 46 34 46 39 32 43 44 34 31 35 42 33 45 42 44 41 36 30 45 34 43 34 
Found AES-256 key schedule at offset 0xd61fce0: 
46 34 32 43 46 32 46 41 36 44 46 34 46 39 32 43 44 34 31 35 42 33 45 42 44 41 36 30 45 34 43 34 
Found AES-256 key schedule at offset 0xea52170: 
ac 51 98 98 c7 ff 98 96 df 13 c3 5c d3 87 84 b2 d5 f8 5a 2f 78 e2 2d 88 5c 20 96 59 db 79 cd fc 
Found AES-128 key schedule at offset 0xea52bb0: 
8d 12 c6 19 7a e0 9a 83 e8 b1 41 70 25 04 21 83 
Found AES-256 key schedule at offset 0x125e6270: 
46 34 32 43 46 32 46 41 36 44 46 34 46 39 32 43 44 34 31 35 42 33 45 42 44 41 36 30 45 34 43 34 
Found AES-256 key schedule at offset 0x125e6490: 
46 34 32 43 46 32 46 41 36 44 46 34 46 39 32 43 44 34 31 35 42 33 45 42 44 41 36 30 45 34 43 34 
Found AES-256 key schedule at offset 0x125e66b0: 
46 34 32 43 46 32 46 41 36 44 46 34 46 39 32 43 44 34 31 35 42 33 45 42 44 41 36 30 45 34 43 34 
Found AES-256 key schedule at offset 0x125e67c0: 
46 34 32 43 46 32 46 41 36 44 46 34 46 39 32 43 44 34 31 35 42 33 45 42 44 41 36 30 45 34 43 34 
Found AES-256 key schedule at offset 0x125e6af0: 
46 34 32 43 46 32 46 41 36 44 46 34 46 39 32 43 44 34 31 35 42 33 45 42 44 41 36 30 45 34 43 34 
Found AES-256 key schedule at offset 0x125e6c00: 
46 34 32 43 46 32 46 41 36 44 46 34 46 39 32 43 44 34 31 35 42 33 45 42 44 41 36 30 45 34 43 34 
Found AES-256 key schedule at offset 0x125e6d10: 
46 34 32 43 46 32 46 41 36 44 46 34 46 39 32 43 44 34 31 35 42 33 45 42 44 41 36 30 45 34 43 34 
Found AES-256 key schedule at offset 0x125e6e20: 
46 34 32 43 46 32 46 41 36 44 46 34 46 39 32 43 44 34 31 35 42 33 45 42 44 41 36 30 45 34 43 34 
Found AES-256 key schedule at offset 0x1850d0e0: 
46 34 32 43 46 32 46 41 36 44 46 34 46 39 32 43 44 34 31 35 42 33 45 42 44 41 36 30 45 34 43 34 
Found AES-256 key schedule at offset 0x1850d410: 
46 34 32 43 46 32 46 41 36 44 46 34 46 39 32 43 44 34 31 35 42 33 45 42 44 41 36 30 45 34 43 34 
Found AES-256 key schedule at offset 0x1850d740: 
46 34 32 43 46 32 46 41 36 44 46 34 46 39 32 43 44 34 31 35 42 33 45 42 44 41 36 30 45 34 43 34 
Found AES-256 key schedule at offset 0x1850d960: 
46 34 32 43 46 32 46 41 36 44 46 34 46 39 32 43 44 34 31 35 42 33 45 42 44 41 36 30 45 34 43 34 
Found AES-256 key schedule at offset 0x1850da70: 
46 34 32 43 46 32 46 41 36 44 46 34 46 39 32 43 44 34 31 35 42 33 45 42 44 41 36 30 45 34 43 34 
Found AES-256 key schedule at offset 0x1850db80: 
46 34 32 43 46 32 46 41 36 44 46 34 46 39 32 43 44 34 31 35 42 33 45 42 44 41 36 30 45 34 43 34 
Found AES-256 key schedule at offset 0x1850dc90: 
46 34 32 43 46 32 46 41 36 44 46 34 46 39 32 43 44 34 31 35 42 33 45 42 44 41 36 30 45 34 43 34 
Found AES-256 key schedule at offset 0x1850dda0: 
46 34 32 43 46 32 46 41 36 44 46 34 46 39 32 43 44 34 31 35 42 33 45 42 44 41 36 30 45 34 43 34 
Found AES-256 key schedule at offset 0x1850deb0: 
46 34 32 43 46 32 46 41 36 44 46 34 46 39 32 43 44 34 31 35 42 33 45 42 44 41 36 30 45 34 43 34 
Found AES-256 key schedule at offset 0x1c32a980: 
46 34 32 43 46 32 46 41 36 44 46 34 46 39 32 43 44 34 31 35 42 33 45 42 44 41 36 30 45 34 43 34 
Found AES-256 key schedule at offset 0x1c32aba0: 
46 34 32 43 46 32 46 41 36 44 46 34 46 39 32 43 44 34 31 35 42 33 45 42 44 41 36 30 45 34 43 34 
Found AES-256 key schedule at offset 0x1e906050: 
46 34 32 43 46 32 46 41 36 44 46 34 46 39 32 43 44 34 31 35 42 33 45 42 44 41 36 30 45 34 43 34 
Found AES-256 key schedule at offset 0x1e906160: 
46 34 32 43 46 32 46 41 36 44 46 34 46 39 32 43 44 34 31 35 42 33 45 42 44 41 36 30 45 34 43 34 
Found AES-256 key schedule at offset 0x1e906490: 
46 34 32 43 46 32 46 41 36 44 46 34 46 39 32 43 44 34 31 35 42 33 45 42 44 41 36 30 45 34 43 34 
Found AES-256 key schedule at offset 0x1f3e55c0: 
46 34 32 43 46 32 46 41 36 44 46 34 46 39 32 43 44 34 31 35 42 33 45 42 44 41 36 30 45 34 43 34 
Found AES-256 key schedule at offset 0x1f3e57e0: 
46 34 32 43 46 32 46 41 36 44 46 34 46 39 32 43 44 34 31 35 42 33 45 42 44 41 36 30 45 34 43 34 
Found AES-256 key schedule at offset 0x1f3e58f0: 
46 34 32 43 46 32 46 41 36 44 46 34 46 39 32 43 44 34 31 35 42 33 45 42 44 41 36 30 45 34 43 34 
Found AES-256 key schedule at offset 0x1f3e5b10: 
46 34 32 43 46 32 46 41 36 44 46 34 46 39 32 43 44 34 31 35 42 33 45 42 44 41 36 30 45 34 43 34 
Found AES-256 key schedule at offset 0x1f3e5c20: 
46 34 32 43 46 32 46 41 36 44 46 34 46 39 32 43 44 34 31 35 42 33 45 42 44 41 36 30 45 34 43 34 
Found AES-256 key schedule at offset 0x1f3e5d30: 
46 34 32 43 46 32 46 41 36 44 46 34 46 39 32 43 44 34 31 35 42 33 45 42 44 41 36 30 45 34 43 34 
Found AES-256 key schedule at offset 0x22074130: 
46 34 32 43 46 32 46 41 36 44 46 34 46 39 32 43 44 34 31 35 42 33 45 42 44 41 36 30 45 34 43 34 
Found AES-256 key schedule at offset 0x22074570: 
46 34 32 43 46 32 46 41 36 44 46 34 46 39 32 43 44 34 31 35 42 33 45 42 44 41 36 30 45 34 43 34 
Found AES-256 key schedule at offset 0x22074680: 
46 34 32 43 46 32 46 41 36 44 46 34 46 39 32 43 44 34 31 35 42 33 45 42 44 41 36 30 45 34 43 34 
Found AES-256 key schedule at offset 0x22074790: 
46 34 32 43 46 32 46 41 36 44 46 34 46 39 32 43 44 34 31 35 42 33 45 42 44 41 36 30 45 34 43 34 
Found AES-256 key schedule at offset 0x220748a0: 
46 34 32 43 46 32 46 41 36 44 46 34 46 39 32 43 44 34 31 35 42 33 45 42 44 41 36 30 45 34 43 34 
Found AES-256 key schedule at offset 0x220749b0: 
46 34 32 43 46 32 46 41 36 44 46 34 46 39 32 43 44 34 31 35 42 33 45 42 44 41 36 30 45 34 43 34 
Found AES-256 key schedule at offset 0x22074ac0: 
46 34 32 43 46 32 46 41 36 44 46 34 46 39 32 43 44 34 31 35 42 33 45 42 44 41 36 30 45 34 43 34 
Found AES-256 key schedule at offset 0x22074bd0: 
46 34 32 43 46 32 46 41 36 44 46 34 46 39 32 43 44 34 31 35 42 33 45 42 44 41 36 30 45 34 43 34 
Found AES-256 key schedule at offset 0x258e70b0: 
46 34 32 43 46 32 46 41 36 44 46 34 46 39 32 43 44 34 31 35 42 33 45 42 44 41 36 30 45 34 43 34 
Found AES-256 key schedule at offset 0x258e71c0: 
46 34 32 43 46 32 46 41 36 44 46 34 46 39 32 43 44 34 31 35 42 33 45 42 44 41 36 30 45 34 43 34 
Found AES-256 key schedule at offset 0x258e72d0: 
46 34 32 43 46 32 46 41 36 44 46 34 46 39 32 43 44 34 31 35 42 33 45 42 44 41 36 30 45 34 43 34 
Found AES-256 key schedule at offset 0x258e73e0: 
46 34 32 43 46 32 46 41 36 44 46 34 46 39 32 43 44 34 31 35 42 33 45 42 44 41 36 30 45 34 43 34 
Found AES-256 key schedule at offset 0x258e74f0: 
46 34 32 43 46 32 46 41 36 44 46 34 46 39 32 43 44 34 31 35 42 33 45 42 44 41 36 30 45 34 43 34 
Found AES-256 key schedule at offset 0x258e7710: 
46 34 32 43 46 32 46 41 36 44 46 34 46 39 32 43 44 34 31 35 42 33 45 42 44 41 36 30 45 34 43 34 
Found AES-256 key schedule at offset 0x258e7820: 
46 34 32 43 46 32 46 41 36 44 46 34 46 39 32 43 44 34 31 35 42 33 45 42 44 41 36 30 45 34 43 34 
Found AES-256 key schedule at offset 0x258e7930: 
46 34 32 43 46 32 46 41 36 44 46 34 46 39 32 43 44 34 31 35 42 33 45 42 44 41 36 30 45 34 43 34 
Found AES-256 key schedule at offset 0x258e7a40: 
46 34 32 43 46 32 46 41 36 44 46 34 46 39 32 43 44 34 31 35 42 33 45 42 44 41 36 30 45 34 43 34 
Found AES-256 key schedule at offset 0x258e7b50: 
46 34 32 43 46 32 46 41 36 44 46 34 46 39 32 43 44 34 31 35 42 33 45 42 44 41 36 30 45 34 43 34 
Found AES-256 key schedule at offset 0x258e7c60: 
46 34 32 43 46 32 46 41 36 44 46 34 46 39 32 43 44 34 31 35 42 33 45 42 44 41 36 30 45 34 43 34 
Found AES-256 key schedule at offset 0x258e7d70: 
46 34 32 43 46 32 46 41 36 44 46 34 46 39 32 43 44 34 31 35 42 33 45 42 44 41 36 30 45 34 43 34 
Found AES-256 key schedule at offset 0x258e7e80: 
46 34 32 43 46 32 46 41 36 44 46 34 46 39 32 43 44 34 31 35 42 33 45 42 44 41 36 30 45 34 43 34 
Found AES-256 key schedule at offset 0x262971a0: 
46 34 32 43 46 32 46 41 36 44 46 34 46 39 32 43 44 34 31 35 42 33 45 42 44 41 36 30 45 34 43 34 
Found AES-256 key schedule at offset 0x262972b0: 
46 34 32 43 46 32 46 41 36 44 46 34 46 39 32 43 44 34 31 35 42 33 45 42 44 41 36 30 45 34 43 34 
Found AES-256 key schedule at offset 0x26297800: 
46 34 32 43 46 32 46 41 36 44 46 34 46 39 32 43 44 34 31 35 42 33 45 42 44 41 36 30 45 34 43 34 
Found AES-256 key schedule at offset 0x26297a20: 
46 34 32 43 46 32 46 41 36 44 46 34 46 39 32 43 44 34 31 35 42 33 45 42 44 41 36 30 45 34 43 34 
Found AES-256 key schedule at offset 0x26297d50: 
46 34 32 43 46 32 46 41 36 44 46 34 46 39 32 43 44 34 31 35 42 33 45 42 44 41 36 30 45 34 43 34 
Found AES-256 key schedule at offset 0x2631e140: 
46 34 32 43 46 32 46 41 36 44 46 34 46 39 32 43 44 34 31 35 42 33 45 42 44 41 36 30 45 34 43 34 
Found AES-256 key schedule at offset 0x2631e250: 
46 34 32 43 46 32 46 41 36 44 46 34 46 39 32 43 44 34 31 35 42 33 45 42 44 41 36 30 45 34 43 34 
Found AES-256 key schedule at offset 0x2631e360: 
46 34 32 43 46 32 46 41 36 44 46 34 46 39 32 43 44 34 31 35 42 33 45 42 44 41 36 30 45 34 43 34 
Found AES-256 key schedule at offset 0x2631e580: 
46 34 32 43 46 32 46 41 36 44 46 34 46 39 32 43 44 34 31 35 42 33 45 42 44 41 36 30 45 34 43 34 
Found AES-256 key schedule at offset 0x2631e8b0: 
46 34 32 43 46 32 46 41 36 44 46 34 46 39 32 43 44 34 31 35 42 33 45 42 44 41 36 30 45 34 43 34 
Found AES-256 key schedule at offset 0x2631ead0: 
46 34 32 43 46 32 46 41 36 44 46 34 46 39 32 43 44 34 31 35 42 33 45 42 44 41 36 30 45 34 43 34 
Found AES-256 key schedule at offset 0x2631ebe0: 
46 34 32 43 46 32 46 41 36 44 46 34 46 39 32 43 44 34 31 35 42 33 45 42 44 41 36 30 45 34 43 34 
Found AES-256 key schedule at offset 0x281fb160: 
46 34 32 43 46 32 46 41 36 44 46 34 46 39 32 43 44 34 31 35 42 33 45 42 44 41 36 30 45 34 43 34 
Found AES-256 key schedule at offset 0x281fb490: 
46 34 32 43 46 32 46 41 36 44 46 34 46 39 32 43 44 34 31 35 42 33 45 42 44 41 36 30 45 34 43 34 
Found AES-256 key schedule at offset 0x281fb6b0: 
46 34 32 43 46 32 46 41 36 44 46 34 46 39 32 43 44 34 31 35 42 33 45 42 44 41 36 30 45 34 43 34 
Found AES-256 key schedule at offset 0x281fb7c0: 
46 34 32 43 46 32 46 41 36 44 46 34 46 39 32 43 44 34 31 35 42 33 45 42 44 41 36 30 45 34 43 34 
Found AES-256 key schedule at offset 0x281fb8d0: 
46 34 32 43 46 32 46 41 36 44 46 34 46 39 32 43 44 34 31 35 42 33 45 42 44 41 36 30 45 34 43 34 
Found AES-256 key schedule at offset 0x281fb9e0: 
46 34 32 43 46 32 46 41 36 44 46 34 46 39 32 43 44 34 31 35 42 33 45 42 44 41 36 30 45 34 43 34 
Found AES-256 key schedule at offset 0x281fbaf0: 
46 34 32 43 46 32 46 41 36 44 46 34 46 39 32 43 44 34 31 35 42 33 45 42 44 41 36 30 45 34 43 34 
Found AES-256 key schedule at offset 0x281fbc00: 
46 34 32 43 46 32 46 41 36 44 46 34 46 39 32 43 44 34 31 35 42 33 45 42 44 41 36 30 45 34 43 34 
Found AES-256 key schedule at offset 0x281fbe20: 
46 34 32 43 46 32 46 41 36 44 46 34 46 39 32 43 44 34 31 35 42 33 45 42 44 41 36 30 45 34 43 34 
Found AES-256 key schedule at offset 0x2c320120: 
46 34 32 43 46 32 46 41 36 44 46 34 46 39 32 43 44 34 31 35 42 33 45 42 44 41 36 30 45 34 43 34 
Found AES-256 key schedule at offset 0x2c320230: 
46 34 32 43 46 32 46 41 36 44 46 34 46 39 32 43 44 34 31 35 42 33 45 42 44 41 36 30 45 34 43 34 
Found AES-256 key schedule at offset 0x2c320340: 
46 34 32 43 46 32 46 41 36 44 46 34 46 39 32 43 44 34 31 35 42 33 45 42 44 41 36 30 45 34 43 34 
Found AES-256 key schedule at offset 0x2c320450: 
46 34 32 43 46 32 46 41 36 44 46 34 46 39 32 43 44 34 31 35 42 33 45 42 44 41 36 30 45 34 43 34 
Found AES-256 key schedule at offset 0x2c320890: 
46 34 32 43 46 32 46 41 36 44 46 34 46 39 32 43 44 34 31 35 42 33 45 42 44 41 36 30 45 34 43 34 
Found AES-256 key schedule at offset 0x2c320ab0: 
46 34 32 43 46 32 46 41 36 44 46 34 46 39 32 43 44 34 31 35 42 33 45 42 44 41 36 30 45 34 43 34 
Found AES-256 key schedule at offset 0x2c320bc0: 
46 34 32 43 46 32 46 41 36 44 46 34 46 39 32 43 44 34 31 35 42 33 45 42 44 41 36 30 45 34 43 34 
Found AES-256 key schedule at offset 0x2c320de0: 
46 34 32 43 46 32 46 41 36 44 46 34 46 39 32 43 44 34 31 35 42 33 45 42 44 41 36 30 45 34 43 34 
Found AES-256 key schedule at offset 0x2c320ef0: 
46 34 32 43 46 32 46 41 36 44 46 34 46 39 32 43 44 34 31 35 42 33 45 42 44 41 36 30 45 34 43 34 
Found AES-256 key schedule at offset 0x2c90dec0: 
46 34 32 43 46 32 46 41 36 44 46 34 46 39 32 43 44 34 31 35 42 33 45 42 44 41 36 30 45 34 43 34 
Found AES-256 key schedule at offset 0x2ca1d220: 
46 34 32 43 46 32 46 41 36 44 46 34 46 39 32 43 44 34 31 35 42 33 45 42 44 41 36 30 45 34 43 34 
Found AES-256 key schedule at offset 0x2ca1d330: 
46 34 32 43 46 32 46 41 36 44 46 34 46 39 32 43 44 34 31 35 42 33 45 42 44 41 36 30 45 34 43 34 
Found AES-256 key schedule at offset 0x2ca1d440: 
46 34 32 43 46 32 46 41 36 44 46 34 46 39 32 43 44 34 31 35 42 33 45 42 44 41 36 30 45 34 43 34 
Found AES-256 key schedule at offset 0x2ca1d880: 
46 34 32 43 46 32 46 41 36 44 46 34 46 39 32 43 44 34 31 35 42 33 45 42 44 41 36 30 45 34 43 34 
Found AES-256 key schedule at offset 0x2ca1d990: 
46 34 32 43 46 32 46 41 36 44 46 34 46 39 32 43 44 34 31 35 42 33 45 42 44 41 36 30 45 34 43 34 
Found AES-256 key schedule at offset 0x2e4e9a10: 
46 34 32 43 46 32 46 41 36 44 46 34 46 39 32 43 44 34 31 35 42 33 45 42 44 41 36 30 45 34 43 34 
Found AES-256 key schedule at offset 0x2e4e9d40: 
46 34 32 43 46 32 46 41 36 44 46 34 46 39 32 43 44 34 31 35 42 33 45 42 44 41 36 30 45 34 43 34 
Found AES-256 key schedule at offset 0x2e57ca10: 
46 34 32 43 46 32 46 41 36 44 46 34 46 39 32 43 44 34 31 35 42 33 45 42 44 41 36 30 45 34 43 34 
Found AES-256 key schedule at offset 0x2e57cd40: 
46 34 32 43 46 32 46 41 36 44 46 34 46 39 32 43 44 34 31 35 42 33 45 42 44 41 36 30 45 34 43 34 
Found AES-256 key schedule at offset 0x2ebba030: 
46 34 32 43 46 32 46 41 36 44 46 34 46 39 32 43 44 34 31 35 42 33 45 42 44 41 36 30 45 34 43 34 
Found AES-256 key schedule at offset 0x2ebba580: 
46 34 32 43 46 32 46 41 36 44 46 34 46 39 32 43 44 34 31 35 42 33 45 42 44 41 36 30 45 34 43 34 
Found AES-256 key schedule at offset 0x2ebba7a0: 
46 34 32 43 46 32 46 41 36 44 46 34 46 39 32 43 44 34 31 35 42 33 45 42 44 41 36 30 45 34 43 34 
Found AES-256 key schedule at offset 0x2ebbae00: 
46 34 32 43 46 32 46 41 36 44 46 34 46 39 32 43 44 34 31 35 42 33 45 42 44 41 36 30 45 34 43 34 
Found AES-256 key schedule at offset 0x30a8d0b0: 
46 34 32 43 46 32 46 41 36 44 46 34 46 39 32 43 44 34 31 35 42 33 45 42 44 41 36 30 45 34 43 34 
Found AES-256 key schedule at offset 0x30a8d1c0: 
46 34 32 43 46 32 46 41 36 44 46 34 46 39 32 43 44 34 31 35 42 33 45 42 44 41 36 30 45 34 43 34 
Found AES-256 key schedule at offset 0x30a8d2d0: 
46 34 32 43 46 32 46 41 36 44 46 34 46 39 32 43 44 34 31 35 42 33 45 42 44 41 36 30 45 34 43 34 
Found AES-256 key schedule at offset 0x30a8d3e0: 
46 34 32 43 46 32 46 41 36 44 46 34 46 39 32 43 44 34 31 35 42 33 45 42 44 41 36 30 45 34 43 34 
Found AES-256 key schedule at offset 0x30a8d4f0: 
46 34 32 43 46 32 46 41 36 44 46 34 46 39 32 43 44 34 31 35 42 33 45 42 44 41 36 30 45 34 43 34 
Found AES-256 key schedule at offset 0x30a8d710: 
46 34 32 43 46 32 46 41 36 44 46 34 46 39 32 43 44 34 31 35 42 33 45 42 44 41 36 30 45 34 43 34 
Found AES-256 key schedule at offset 0x30a8d820: 
46 34 32 43 46 32 46 41 36 44 46 34 46 39 32 43 44 34 31 35 42 33 45 42 44 41 36 30 45 34 43 34 
Found AES-256 key schedule at offset 0x30a8d930: 
46 34 32 43 46 32 46 41 36 44 46 34 46 39 32 43 44 34 31 35 42 33 45 42 44 41 36 30 45 34 43 34 
Found AES-256 key schedule at offset 0x30a8da40: 
46 34 32 43 46 32 46 41 36 44 46 34 46 39 32 43 44 34 31 35 42 33 45 42 44 41 36 30 45 34 43 34 
Found AES-256 key schedule at offset 0x30a8db50: 
46 34 32 43 46 32 46 41 36 44 46 34 46 39 32 43 44 34 31 35 42 33 45 42 44 41 36 30 45 34 43 34 
Found AES-256 key schedule at offset 0x30a8dc60: 
46 34 32 43 46 32 46 41 36 44 46 34 46 39 32 43 44 34 31 35 42 33 45 42 44 41 36 30 45 34 43 34 
Found AES-256 key schedule at offset 0x30a8dd70: 
46 34 32 43 46 32 46 41 36 44 46 34 46 39 32 43 44 34 31 35 42 33 45 42 44 41 36 30 45 34 43 34 
Found AES-256 key schedule at offset 0x30a8de80: 
46 34 32 43 46 32 46 41 36 44 46 34 46 39 32 43 44 34 31 35 42 33 45 42 44 41 36 30 45 34 43 34 
Found AES-256 key schedule at offset 0x321fb030: 
46 34 32 43 46 32 46 41 36 44 46 34 46 39 32 43 44 34 31 35 42 33 45 42 44 41 36 30 45 34 43 34 
Found AES-256 key schedule at offset 0x321fb250: 
46 34 32 43 46 32 46 41 36 44 46 34 46 39 32 43 44 34 31 35 42 33 45 42 44 41 36 30 45 34 43 34 
Found AES-256 key schedule at offset 0x321fb360: 
46 34 32 43 46 32 46 41 36 44 46 34 46 39 32 43 44 34 31 35 42 33 45 42 44 41 36 30 45 34 43 34 
Found AES-256 key schedule at offset 0x321fb580: 
46 34 32 43 46 32 46 41 36 44 46 34 46 39 32 43 44 34 31 35 42 33 45 42 44 41 36 30 45 34 43 34 
Found AES-256 key schedule at offset 0x321fb7a0: 
46 34 32 43 46 32 46 41 36 44 46 34 46 39 32 43 44 34 31 35 42 33 45 42 44 41 36 30 45 34 43 34 
Found AES-256 key schedule at offset 0x321fbe00: 
46 34 32 43 46 32 46 41 36 44 46 34 46 39 32 43 44 34 31 35 42 33 45 42 44 41 36 30 45 34 43 34 
Found AES-256 key schedule at offset 0x32fed000: 
46 34 32 43 46 32 46 41 36 44 46 34 46 39 32 43 44 34 31 35 42 33 45 42 44 41 36 30 45 34 43 34 
Found AES-256 key schedule at offset 0x32fed110: 
46 34 32 43 46 32 46 41 36 44 46 34 46 39 32 43 44 34 31 35 42 33 45 42 44 41 36 30 45 34 43 34 
Found AES-256 key schedule at offset 0x32fed220: 
46 34 32 43 46 32 46 41 36 44 46 34 46 39 32 43 44 34 31 35 42 33 45 42 44 41 36 30 45 34 43 34 
Found AES-256 key schedule at offset 0x32fed440: 
46 34 32 43 46 32 46 41 36 44 46 34 46 39 32 43 44 34 31 35 42 33 45 42 44 41 36 30 45 34 43 34 
Found AES-256 key schedule at offset 0x32fed770: 
46 34 32 43 46 32 46 41 36 44 46 34 46 39 32 43 44 34 31 35 42 33 45 42 44 41 36 30 45 34 43 34 
Found AES-256 key schedule at offset 0x32fed880: 
46 34 32 43 46 32 46 41 36 44 46 34 46 39 32 43 44 34 31 35 42 33 45 42 44 41 36 30 45 34 43 34 
Found AES-256 key schedule at offset 0x32fedaa0: 
46 34 32 43 46 32 46 41 36 44 46 34 46 39 32 43 44 34 31 35 42 33 45 42 44 41 36 30 45 34 43 34 
Found AES-256 key schedule at offset 0x32fedbb0: 
46 34 32 43 46 32 46 41 36 44 46 34 46 39 32 43 44 34 31 35 42 33 45 42 44 41 36 30 45 34 43 34 
Found AES-256 key schedule at offset 0x32feddc0: 
46 34 32 43 46 32 46 41 36 44 46 34 46 39 32 43 44 34 31 35 42 33 45 42 44 41 36 30 45 34 43 34 
Found AES-256 key schedule at offset 0x351fb040: 
46 34 32 43 46 32 46 41 36 44 46 34 46 39 32 43 44 34 31 35 42 33 45 42 44 41 36 30 45 34 43 34 
Found AES-256 key schedule at offset 0x351fb370: 
46 34 32 43 46 32 46 41 36 44 46 34 46 39 32 43 44 34 31 35 42 33 45 42 44 41 36 30 45 34 43 34 
Found AES-256 key schedule at offset 0x351fb480: 
46 34 32 43 46 32 46 41 36 44 46 34 46 39 32 43 44 34 31 35 42 33 45 42 44 41 36 30 45 34 43 34 
Found AES-256 key schedule at offset 0x351fb590: 
46 34 32 43 46 32 46 41 36 44 46 34 46 39 32 43 44 34 31 35 42 33 45 42 44 41 36 30 45 34 43 34 
Found AES-256 key schedule at offset 0x351fb7b0: 
46 34 32 43 46 32 46 41 36 44 46 34 46 39 32 43 44 34 31 35 42 33 45 42 44 41 36 30 45 34 43 34 
Found AES-256 key schedule at offset 0x351fbae0: 
46 34 32 43 46 32 46 41 36 44 46 34 46 39 32 43 44 34 31 35 42 33 45 42 44 41 36 30 45 34 43 34 
Found AES-256 key schedule at offset 0x3698b220: 
46 34 32 43 46 32 46 41 36 44 46 34 46 39 32 43 44 34 31 35 42 33 45 42 44 41 36 30 45 34 43 34 
Found AES-256 key schedule at offset 0x3698b330: 
46 34 32 43 46 32 46 41 36 44 46 34 46 39 32 43 44 34 31 35 42 33 45 42 44 41 36 30 45 34 43 34 
Found AES-256 key schedule at offset 0x3698b440: 
46 34 32 43 46 32 46 41 36 44 46 34 46 39 32 43 44 34 31 35 42 33 45 42 44 41 36 30 45 34 43 34 
Found AES-256 key schedule at offset 0x3698b880: 
46 34 32 43 46 32 46 41 36 44 46 34 46 39 32 43 44 34 31 35 42 33 45 42 44 41 36 30 45 34 43 34 
Found AES-256 key schedule at offset 0x3698b990: 
46 34 32 43 46 32 46 41 36 44 46 34 46 39 32 43 44 34 31 35 42 33 45 42 44 41 36 30 45 34 43 34 
Found AES-256 key schedule at offset 0x373f9040: 
46 34 32 43 46 32 46 41 36 44 46 34 46 39 32 43 44 34 31 35 42 33 45 42 44 41 36 30 45 34 43 34 
Found AES-256 key schedule at offset 0x373f9370: 
46 34 32 43 46 32 46 41 36 44 46 34 46 39 32 43 44 34 31 35 42 33 45 42 44 41 36 30 45 34 43 34 
Found AES-256 key schedule at offset 0x373f9590: 
46 34 32 43 46 32 46 41 36 44 46 34 46 39 32 43 44 34 31 35 42 33 45 42 44 41 36 30 45 34 43 34 
Found AES-256 key schedule at offset 0x373f9910: 
46 34 32 43 46 32 46 41 36 44 46 34 46 39 32 43 44 34 31 35 42 33 45 42 44 41 36 30 45 34 43 34 
Found AES-256 key schedule at offset 0x373f9a20: 
46 34 32 43 46 32 46 41 36 44 46 34 46 39 32 43 44 34 31 35 42 33 45 42 44 41 36 30 45 34 43 34 
Found AES-256 key schedule at offset 0x373f9c40: 
46 34 32 43 46 32 46 41 36 44 46 34 46 39 32 43 44 34 31 35 42 33 45 42 44 41 36 30 45 34 43 34 
Found AES-256 key schedule at offset 0x373f9d50: 
46 34 32 43 46 32 46 41 36 44 46 34 46 39 32 43 44 34 31 35 42 33 45 42 44 41 36 30 45 34 43 34 
Found AES-256 key schedule at offset 0x382da130: 
46 34 32 43 46 32 46 41 36 44 46 34 46 39 32 43 44 34 31 35 42 33 45 42 44 41 36 30 45 34 43 34 
Found AES-256 key schedule at offset 0x382da570: 
46 34 32 43 46 32 46 41 36 44 46 34 46 39 32 43 44 34 31 35 42 33 45 42 44 41 36 30 45 34 43 34 
Found AES-256 key schedule at offset 0x382da680: 
46 34 32 43 46 32 46 41 36 44 46 34 46 39 32 43 44 34 31 35 42 33 45 42 44 41 36 30 45 34 43 34 
Found AES-256 key schedule at offset 0x382da790: 
46 34 32 43 46 32 46 41 36 44 46 34 46 39 32 43 44 34 31 35 42 33 45 42 44 41 36 30 45 34 43 34 
Found AES-256 key schedule at offset 0x382da8a0: 
46 34 32 43 46 32 46 41 36 44 46 34 46 39 32 43 44 34 31 35 42 33 45 42 44 41 36 30 45 34 43 34 
Found AES-256 key schedule at offset 0x382da9b0: 
46 34 32 43 46 32 46 41 36 44 46 34 46 39 32 43 44 34 31 35 42 33 45 42 44 41 36 30 45 34 43 34 
Found AES-256 key schedule at offset 0x382daac0: 
46 34 32 43 46 32 46 41 36 44 46 34 46 39 32 43 44 34 31 35 42 33 45 42 44 41 36 30 45 34 43 34 
Found AES-256 key schedule at offset 0x382dabd0: 
46 34 32 43 46 32 46 41 36 44 46 34 46 39 32 43 44 34 31 35 42 33 45 42 44 41 36 30 45 34 43 34 
Found AES-256 key schedule at offset 0x39a0d1e0: 
46 34 32 43 46 32 46 41 36 44 46 34 46 39 32 43 44 34 31 35 42 33 45 42 44 41 36 30 45 34 43 34 
Found AES-256 key schedule at offset 0x39a0d2f0: 
46 34 32 43 46 32 46 41 36 44 46 34 46 39 32 43 44 34 31 35 42 33 45 42 44 41 36 30 45 34 43 34 
Found AES-256 key schedule at offset 0x39a0d620: 
46 34 32 43 46 32 46 41 36 44 46 34 46 39 32 43 44 34 31 35 42 33 45 42 44 41 36 30 45 34 43 34 
Found AES-256 key schedule at offset 0x39a0db70: 
46 34 32 43 46 32 46 41 36 44 46 34 46 39 32 43 44 34 31 35 42 33 45 42 44 41 36 30 45 34 43 34 
Found AES-256 key schedule at offset 0x3a77e120: 
46 34 32 43 46 32 46 41 36 44 46 34 46 39 32 43 44 34 31 35 42 33 45 42 44 41 36 30 45 34 43 34 
Found AES-256 key schedule at offset 0x3a77e230: 
46 34 32 43 46 32 46 41 36 44 46 34 46 39 32 43 44 34 31 35 42 33 45 42 44 41 36 30 45 34 43 34 
Found AES-256 key schedule at offset 0x3a77e340: 
46 34 32 43 46 32 46 41 36 44 46 34 46 39 32 43 44 34 31 35 42 33 45 42 44 41 36 30 45 34 43 34 
Found AES-256 key schedule at offset 0x3a77e450: 
46 34 32 43 46 32 46 41 36 44 46 34 46 39 32 43 44 34 31 35 42 33 45 42 44 41 36 30 45 34 43 34 
Found AES-256 key schedule at offset 0x3a77e890: 
46 34 32 43 46 32 46 41 36 44 46 34 46 39 32 43 44 34 31 35 42 33 45 42 44 41 36 30 45 34 43 34 
Found AES-256 key schedule at offset 0x3a77eab0: 
46 34 32 43 46 32 46 41 36 44 46 34 46 39 32 43 44 34 31 35 42 33 45 42 44 41 36 30 45 34 43 34 
Found AES-256 key schedule at offset 0x3a77ebc0: 
46 34 32 43 46 32 46 41 36 44 46 34 46 39 32 43 44 34 31 35 42 33 45 42 44 41 36 30 45 34 43 34 
Found AES-256 key schedule at offset 0x3a77ede0: 
46 34 32 43 46 32 46 41 36 44 46 34 46 39 32 43 44 34 31 35 42 33 45 42 44 41 36 30 45 34 43 34 
Found AES-256 key schedule at offset 0x3a77eef0: 
46 34 32 43 46 32 46 41 36 44 46 34 46 39 32 43 44 34 31 35 42 33 45 42 44 41 36 30 45 34 43 34 
Found AES-256 key schedule at offset 0x407ec020: 
46 34 32 43 46 32 46 41 36 44 46 34 46 39 32 43 44 34 31 35 42 33 45 42 44 41 36 30 45 34 43 34 
Found AES-256 key schedule at offset 0x407ec130: 
46 34 32 43 46 32 46 41 36 44 46 34 46 39 32 43 44 34 31 35 42 33 45 42 44 41 36 30 45 34 43 34 
Found AES-256 key schedule at offset 0x407ec240: 
46 34 32 43 46 32 46 41 36 44 46 34 46 39 32 43 44 34 31 35 42 33 45 42 44 41 36 30 45 34 43 34 
Found AES-256 key schedule at offset 0x407ec350: 
46 34 32 43 46 32 46 41 36 44 46 34 46 39 32 43 44 34 31 35 42 33 45 42 44 41 36 30 45 34 43 34 
Found AES-256 key schedule at offset 0x407ec460: 
46 34 32 43 46 32 46 41 36 44 46 34 46 39 32 43 44 34 31 35 42 33 45 42 44 41 36 30 45 34 43 34 
Found AES-256 key schedule at offset 0x407ec570: 
46 34 32 43 46 32 46 41 36 44 46 34 46 39 32 43 44 34 31 35 42 33 45 42 44 41 36 30 45 34 43 34 
Found AES-256 key schedule at offset 0x407ec8a0: 
46 34 32 43 46 32 46 41 36 44 46 34 46 39 32 43 44 34 31 35 42 33 45 42 44 41 36 30 45 34 43 34 
Found AES-256 key schedule at offset 0x407ec9b0: 
46 34 32 43 46 32 46 41 36 44 46 34 46 39 32 43 44 34 31 35 42 33 45 42 44 41 36 30 45 34 43 34 
Found AES-256 key schedule at offset 0x407ecac0: 
46 34 32 43 46 32 46 41 36 44 46 34 46 39 32 43 44 34 31 35 42 33 45 42 44 41 36 30 45 34 43 34 
Found AES-256 key schedule at offset 0x407ecce0: 
46 34 32 43 46 32 46 41 36 44 46 34 46 39 32 43 44 34 31 35 42 33 45 42 44 41 36 30 45 34 43 34 
Found AES-256 key schedule at offset 0x407ecdf0: 
46 34 32 43 46 32 46 41 36 44 46 34 46 39 32 43 44 34 31 35 42 33 45 42 44 41 36 30 45 34 43 34 
Found AES-256 key schedule at offset 0x407ecf00: 
46 34 32 43 46 32 46 41 36 44 46 34 46 39 32 43 44 34 31 35 42 33 45 42 44 41 36 30 45 34 43 34 
Found AES-256 key schedule at offset 0x424f2160: 
46 34 32 43 46 32 46 41 36 44 46 34 46 39 32 43 44 34 31 35 42 33 45 42 44 41 36 30 45 34 43 34 
Found AES-256 key schedule at offset 0x424f2490: 
46 34 32 43 46 32 46 41 36 44 46 34 46 39 32 43 44 34 31 35 42 33 45 42 44 41 36 30 45 34 43 34 
Found AES-256 key schedule at offset 0x424f26b0: 
46 34 32 43 46 32 46 41 36 44 46 34 46 39 32 43 44 34 31 35 42 33 45 42 44 41 36 30 45 34 43 34 
Found AES-256 key schedule at offset 0x424f27c0: 
46 34 32 43 46 32 46 41 36 44 46 34 46 39 32 43 44 34 31 35 42 33 45 42 44 41 36 30 45 34 43 34 
Found AES-256 key schedule at offset 0x424f28d0: 
46 34 32 43 46 32 46 41 36 44 46 34 46 39 32 43 44 34 31 35 42 33 45 42 44 41 36 30 45 34 43 34 
Found AES-256 key schedule at offset 0x424f29e0: 
46 34 32 43 46 32 46 41 36 44 46 34 46 39 32 43 44 34 31 35 42 33 45 42 44 41 36 30 45 34 43 34 
Found AES-256 key schedule at offset 0x424f2af0: 
46 34 32 43 46 32 46 41 36 44 46 34 46 39 32 43 44 34 31 35 42 33 45 42 44 41 36 30 45 34 43 34 
Found AES-256 key schedule at offset 0x424f2c00: 
46 34 32 43 46 32 46 41 36 44 46 34 46 39 32 43 44 34 31 35 42 33 45 42 44 41 36 30 45 34 43 34 
Found AES-256 key schedule at offset 0x424f2e20: 
46 34 32 43 46 32 46 41 36 44 46 34 46 39 32 43 44 34 31 35 42 33 45 42 44 41 36 30 45 34 43 34 
Found AES-256 key schedule at offset 0x430f83b0: 
46 34 32 43 46 32 46 41 36 44 46 34 46 39 32 43 44 34 31 35 42 33 45 42 44 41 36 30 45 34 43 34 
Found AES-256 key schedule at offset 0x430f87f0: 
46 34 32 43 46 32 46 41 36 44 46 34 46 39 32 43 44 34 31 35 42 33 45 42 44 41 36 30 45 34 43 34 
Found AES-256 key schedule at offset 0x430f8a10: 
46 34 32 43 46 32 46 41 36 44 46 34 46 39 32 43 44 34 31 35 42 33 45 42 44 41 36 30 45 34 43 34 
Found AES-256 key schedule at offset 0x430f8c30: 
46 34 32 43 46 32 46 41 36 44 46 34 46 39 32 43 44 34 31 35 42 33 45 42 44 41 36 30 45 34 43 34 
Found AES-256 key schedule at offset 0x43d984e0: 
46 34 32 43 46 32 46 41 36 44 46 34 46 39 32 43 44 34 31 35 42 33 45 42 44 41 36 30 45 34 43 34 
Found AES-256 key schedule at offset 0x43d985f0: 
46 34 32 43 46 32 46 41 36 44 46 34 46 39 32 43 44 34 31 35 42 33 45 42 44 41 36 30 45 34 43 34 
Found AES-256 key schedule at offset 0x43d98700: 
46 34 32 43 46 32 46 41 36 44 46 34 46 39 32 43 44 34 31 35 42 33 45 42 44 41 36 30 45 34 43 34 
Found AES-256 key schedule at offset 0x43d98a30: 
46 34 32 43 46 32 46 41 36 44 46 34 46 39 32 43 44 34 31 35 42 33 45 42 44 41 36 30 45 34 43 34 
Found AES-256 key schedule at offset 0x43d98e70: 
46 34 32 43 46 32 46 41 36 44 46 34 46 39 32 43 44 34 31 35 42 33 45 42 44 41 36 30 45 34 43 34 
Found AES-256 key schedule at offset 0x46fd1040: 
46 34 32 43 46 32 46 41 36 44 46 34 46 39 32 43 44 34 31 35 42 33 45 42 44 41 36 30 45 34 43 34 
Found AES-256 key schedule at offset 0x46fd1370: 
46 34 32 43 46 32 46 41 36 44 46 34 46 39 32 43 44 34 31 35 42 33 45 42 44 41 36 30 45 34 43 34 
Found AES-256 key schedule at offset 0x46fd1480: 
46 34 32 43 46 32 46 41 36 44 46 34 46 39 32 43 44 34 31 35 42 33 45 42 44 41 36 30 45 34 43 34 
Found AES-256 key schedule at offset 0x46fd1590: 
46 34 32 43 46 32 46 41 36 44 46 34 46 39 32 43 44 34 31 35 42 33 45 42 44 41 36 30 45 34 43 34 
Found AES-256 key schedule at offset 0x46fd17b0: 
46 34 32 43 46 32 46 41 36 44 46 34 46 39 32 43 44 34 31 35 42 33 45 42 44 41 36 30 45 34 43 34 
Found AES-256 key schedule at offset 0x46fd1ae0: 
46 34 32 43 46 32 46 41 36 44 46 34 46 39 32 43 44 34 31 35 42 33 45 42 44 41 36 30 45 34 43 34 
Found AES-256 key schedule at offset 0x47c23160: 
46 34 32 43 46 32 46 41 36 44 46 34 46 39 32 43 44 34 31 35 42 33 45 42 44 41 36 30 45 34 43 34 
Found AES-256 key schedule at offset 0x47c23490: 
46 34 32 43 46 32 46 41 36 44 46 34 46 39 32 43 44 34 31 35 42 33 45 42 44 41 36 30 45 34 43 34 
Found AES-256 key schedule at offset 0x47c236b0: 
46 34 32 43 46 32 46 41 36 44 46 34 46 39 32 43 44 34 31 35 42 33 45 42 44 41 36 30 45 34 43 34 
Found AES-256 key schedule at offset 0x47c237c0: 
46 34 32 43 46 32 46 41 36 44 46 34 46 39 32 43 44 34 31 35 42 33 45 42 44 41 36 30 45 34 43 34 
Found AES-256 key schedule at offset 0x47c238d0: 
46 34 32 43 46 32 46 41 36 44 46 34 46 39 32 43 44 34 31 35 42 33 45 42 44 41 36 30 45 34 43 34 
Found AES-256 key schedule at offset 0x47c239e0: 
46 34 32 43 46 32 46 41 36 44 46 34 46 39 32 43 44 34 31 35 42 33 45 42 44 41 36 30 45 34 43 34 
Found AES-256 key schedule at offset 0x47c23af0: 
46 34 32 43 46 32 46 41 36 44 46 34 46 39 32 43 44 34 31 35 42 33 45 42 44 41 36 30 45 34 43 34 
Found AES-256 key schedule at offset 0x47c23c00: 
46 34 32 43 46 32 46 41 36 44 46 34 46 39 32 43 44 34 31 35 42 33 45 42 44 41 36 30 45 34 43 34 
Found AES-256 key schedule at offset 0x47c23e20: 
46 34 32 43 46 32 46 41 36 44 46 34 46 39 32 43 44 34 31 35 42 33 45 42 44 41 36 30 45 34 43 34 
Found AES-256 key schedule at offset 0x4854e000: 
46 34 32 43 46 32 46 41 36 44 46 34 46 39 32 43 44 34 31 35 42 33 45 42 44 41 36 30 45 34 43 34 
Found AES-256 key schedule at offset 0x4854e110: 
46 34 32 43 46 32 46 41 36 44 46 34 46 39 32 43 44 34 31 35 42 33 45 42 44 41 36 30 45 34 43 34 
Found AES-256 key schedule at offset 0x4854e220: 
46 34 32 43 46 32 46 41 36 44 46 34 46 39 32 43 44 34 31 35 42 33 45 42 44 41 36 30 45 34 43 34 
Found AES-256 key schedule at offset 0x4854e440: 
46 34 32 43 46 32 46 41 36 44 46 34 46 39 32 43 44 34 31 35 42 33 45 42 44 41 36 30 45 34 43 34 
Found AES-256 key schedule at offset 0x4854e770: 
46 34 32 43 46 32 46 41 36 44 46 34 46 39 32 43 44 34 31 35 42 33 45 42 44 41 36 30 45 34 43 34 
Found AES-256 key schedule at offset 0x4854e880: 
46 34 32 43 46 32 46 41 36 44 46 34 46 39 32 43 44 34 31 35 42 33 45 42 44 41 36 30 45 34 43 34 
Found AES-256 key schedule at offset 0x4854eaa0: 
46 34 32 43 46 32 46 41 36 44 46 34 46 39 32 43 44 34 31 35 42 33 45 42 44 41 36 30 45 34 43 34 
Found AES-256 key schedule at offset 0x4854ebb0: 
46 34 32 43 46 32 46 41 36 44 46 34 46 39 32 43 44 34 31 35 42 33 45 42 44 41 36 30 45 34 43 34 
Found AES-256 key schedule at offset 0x4854edc0: 
46 34 32 43 46 32 46 41 36 44 46 34 46 39 32 43 44 34 31 35 42 33 45 42 44 41 36 30 45 34 43 34 
Found AES-256 key schedule at offset 0x48f0b040: 
46 34 32 43 46 32 46 41 36 44 46 34 46 39 32 43 44 34 31 35 42 33 45 42 44 41 36 30 45 34 43 34 
Found AES-256 key schedule at offset 0x48f0b370: 
46 34 32 43 46 32 46 41 36 44 46 34 46 39 32 43 44 34 31 35 42 33 45 42 44 41 36 30 45 34 43 34 
Found AES-256 key schedule at offset 0x48f0b590: 
46 34 32 43 46 32 46 41 36 44 46 34 46 39 32 43 44 34 31 35 42 33 45 42 44 41 36 30 45 34 43 34 
Found AES-256 key schedule at offset 0x48f0b910: 
46 34 32 43 46 32 46 41 36 44 46 34 46 39 32 43 44 34 31 35 42 33 45 42 44 41 36 30 45 34 43 34 
Found AES-256 key schedule at offset 0x48f0ba20: 
46 34 32 43 46 32 46 41 36 44 46 34 46 39 32 43 44 34 31 35 42 33 45 42 44 41 36 30 45 34 43 34 
Found AES-256 key schedule at offset 0x48f0bc40: 
46 34 32 43 46 32 46 41 36 44 46 34 46 39 32 43 44 34 31 35 42 33 45 42 44 41 36 30 45 34 43 34 
Found AES-256 key schedule at offset 0x48f0bd50: 
46 34 32 43 46 32 46 41 36 44 46 34 46 39 32 43 44 34 31 35 42 33 45 42 44 41 36 30 45 34 43 34 
Found AES-256 key schedule at offset 0x48fc3080: 
46 34 32 43 46 32 46 41 36 44 46 34 46 39 32 43 44 34 31 35 42 33 45 42 44 41 36 30 45 34 43 34 
Found AES-256 key schedule at offset 0x48fc32a0: 
46 34 32 43 46 32 46 41 36 44 46 34 46 39 32 43 44 34 31 35 42 33 45 42 44 41 36 30 45 34 43 34 
Found AES-256 key schedule at offset 0x48fc34c0: 
46 34 32 43 46 32 46 41 36 44 46 34 46 39 32 43 44 34 31 35 42 33 45 42 44 41 36 30 45 34 43 34 
Found AES-256 key schedule at offset 0x48fc35d0: 
46 34 32 43 46 32 46 41 36 44 46 34 46 39 32 43 44 34 31 35 42 33 45 42 44 41 36 30 45 34 43 34 
Found AES-256 key schedule at offset 0x48fc3900: 
46 34 32 43 46 32 46 41 36 44 46 34 46 39 32 43 44 34 31 35 42 33 45 42 44 41 36 30 45 34 43 34 
Found AES-256 key schedule at offset 0x48fc3a10: 
46 34 32 43 46 32 46 41 36 44 46 34 46 39 32 43 44 34 31 35 42 33 45 42 44 41 36 30 45 34 43 34 
Found AES-256 key schedule at offset 0x48fc3c30: 
46 34 32 43 46 32 46 41 36 44 46 34 46 39 32 43 44 34 31 35 42 33 45 42 44 41 36 30 45 34 43 34 
Found AES-256 key schedule at offset 0x4a0443b0: 
46 34 32 43 46 32 46 41 36 44 46 34 46 39 32 43 44 34 31 35 42 33 45 42 44 41 36 30 45 34 43 34 
Found AES-256 key schedule at offset 0x4a0447f0: 
46 34 32 43 46 32 46 41 36 44 46 34 46 39 32 43 44 34 31 35 42 33 45 42 44 41 36 30 45 34 43 34 
Found AES-256 key schedule at offset 0x4a044a10: 
46 34 32 43 46 32 46 41 36 44 46 34 46 39 32 43 44 34 31 35 42 33 45 42 44 41 36 30 45 34 43 34 
Found AES-256 key schedule at offset 0x4a044c30: 
46 34 32 43 46 32 46 41 36 44 46 34 46 39 32 43 44 34 31 35 42 33 45 42 44 41 36 30 45 34 43 34 
Found AES-256 key schedule at offset 0x4abea4e0: 
46 34 32 43 46 32 46 41 36 44 46 34 46 39 32 43 44 34 31 35 42 33 45 42 44 41 36 30 45 34 43 34 
Found AES-256 key schedule at offset 0x4abea5f0: 
46 34 32 43 46 32 46 41 36 44 46 34 46 39 32 43 44 34 31 35 42 33 45 42 44 41 36 30 45 34 43 34 
Found AES-256 key schedule at offset 0x4abea700: 
46 34 32 43 46 32 46 41 36 44 46 34 46 39 32 43 44 34 31 35 42 33 45 42 44 41 36 30 45 34 43 34 
Found AES-256 key schedule at offset 0x4abeaa30: 
46 34 32 43 46 32 46 41 36 44 46 34 46 39 32 43 44 34 31 35 42 33 45 42 44 41 36 30 45 34 43 34 
Found AES-256 key schedule at offset 0x4abeae70: 
46 34 32 43 46 32 46 41 36 44 46 34 46 39 32 43 44 34 31 35 42 33 45 42 44 41 36 30 45 34 43 34 
Found AES-256 key schedule at offset 0x4f98c220: 
46 34 32 43 46 32 46 41 36 44 46 34 46 39 32 43 44 34 31 35 42 33 45 42 44 41 36 30 45 34 43 34 
Found AES-256 key schedule at offset 0x4f98c330: 
46 34 32 43 46 32 46 41 36 44 46 34 46 39 32 43 44 34 31 35 42 33 45 42 44 41 36 30 45 34 43 34 
Found AES-256 key schedule at offset 0x4f98c440: 
46 34 32 43 46 32 46 41 36 44 46 34 46 39 32 43 44 34 31 35 42 33 45 42 44 41 36 30 45 34 43 34 
Found AES-256 key schedule at offset 0x4f98c880: 
46 34 32 43 46 32 46 41 36 44 46 34 46 39 32 43 44 34 31 35 42 33 45 42 44 41 36 30 45 34 43 34 
Found AES-256 key schedule at offset 0x4f98c990: 
46 34 32 43 46 32 46 41 36 44 46 34 46 39 32 43 44 34 31 35 42 33 45 42 44 41 36 30 45 34 43 34 
Found AES-256 key schedule at offset 0x50afc1e0: 
46 34 32 43 46 32 46 41 36 44 46 34 46 39 32 43 44 34 31 35 42 33 45 42 44 41 36 30 45 34 43 34 
Found AES-256 key schedule at offset 0x50afc2f0: 
46 34 32 43 46 32 46 41 36 44 46 34 46 39 32 43 44 34 31 35 42 33 45 42 44 41 36 30 45 34 43 34 
Found AES-256 key schedule at offset 0x50afc620: 
46 34 32 43 46 32 46 41 36 44 46 34 46 39 32 43 44 34 31 35 42 33 45 42 44 41 36 30 45 34 43 34 
Found AES-256 key schedule at offset 0x50afcb70: 
46 34 32 43 46 32 46 41 36 44 46 34 46 39 32 43 44 34 31 35 42 33 45 42 44 41 36 30 45 34 43 34 
Found AES-256 key schedule at offset 0x5266b120: 
46 34 32 43 46 32 46 41 36 44 46 34 46 39 32 43 44 34 31 35 42 33 45 42 44 41 36 30 45 34 43 34 
Found AES-256 key schedule at offset 0x5266b230: 
46 34 32 43 46 32 46 41 36 44 46 34 46 39 32 43 44 34 31 35 42 33 45 42 44 41 36 30 45 34 43 34 
Found AES-256 key schedule at offset 0x5266b340: 
46 34 32 43 46 32 46 41 36 44 46 34 46 39 32 43 44 34 31 35 42 33 45 42 44 41 36 30 45 34 43 34 
Found AES-256 key schedule at offset 0x5266b450: 
46 34 32 43 46 32 46 41 36 44 46 34 46 39 32 43 44 34 31 35 42 33 45 42 44 41 36 30 45 34 43 34 
Found AES-256 key schedule at offset 0x5266b890: 
46 34 32 43 46 32 46 41 36 44 46 34 46 39 32 43 44 34 31 35 42 33 45 42 44 41 36 30 45 34 43 34 
Found AES-256 key schedule at offset 0x5266bab0: 
46 34 32 43 46 32 46 41 36 44 46 34 46 39 32 43 44 34 31 35 42 33 45 42 44 41 36 30 45 34 43 34 
Found AES-256 key schedule at offset 0x5266bbc0: 
46 34 32 43 46 32 46 41 36 44 46 34 46 39 32 43 44 34 31 35 42 33 45 42 44 41 36 30 45 34 43 34 
Found AES-256 key schedule at offset 0x5266bde0: 
46 34 32 43 46 32 46 41 36 44 46 34 46 39 32 43 44 34 31 35 42 33 45 42 44 41 36 30 45 34 43 34 
Found AES-256 key schedule at offset 0x5266bef0: 
46 34 32 43 46 32 46 41 36 44 46 34 46 39 32 43 44 34 31 35 42 33 45 42 44 41 36 30 45 34 43 34 
Found AES-256 key schedule at offset 0x541c7160: 
46 34 32 43 46 32 46 41 36 44 46 34 46 39 32 43 44 34 31 35 42 33 45 42 44 41 36 30 45 34 43 34 
Found AES-256 key schedule at offset 0x541c7490: 
46 34 32 43 46 32 46 41 36 44 46 34 46 39 32 43 44 34 31 35 42 33 45 42 44 41 36 30 45 34 43 34 
Found AES-256 key schedule at offset 0x541c76b0: 
46 34 32 43 46 32 46 41 36 44 46 34 46 39 32 43 44 34 31 35 42 33 45 42 44 41 36 30 45 34 43 34 
Found AES-256 key schedule at offset 0x541c77c0: 
46 34 32 43 46 32 46 41 36 44 46 34 46 39 32 43 44 34 31 35 42 33 45 42 44 41 36 30 45 34 43 34 
Found AES-256 key schedule at offset 0x541c78d0: 
46 34 32 43 46 32 46 41 36 44 46 34 46 39 32 43 44 34 31 35 42 33 45 42 44 41 36 30 45 34 43 34 
Found AES-256 key schedule at offset 0x541c79e0: 
46 34 32 43 46 32 46 41 36 44 46 34 46 39 32 43 44 34 31 35 42 33 45 42 44 41 36 30 45 34 43 34 
Found AES-256 key schedule at offset 0x541c7af0: 
46 34 32 43 46 32 46 41 36 44 46 34 46 39 32 43 44 34 31 35 42 33 45 42 44 41 36 30 45 34 43 34 
Found AES-256 key schedule at offset 0x541c7c00: 
46 34 32 43 46 32 46 41 36 44 46 34 46 39 32 43 44 34 31 35 42 33 45 42 44 41 36 30 45 34 43 34 
Found AES-256 key schedule at offset 0x541c7e20: 
46 34 32 43 46 32 46 41 36 44 46 34 46 39 32 43 44 34 31 35 42 33 45 42 44 41 36 30 45 34 43 34 
Found AES-256 key schedule at offset 0x5446e040: 
46 34 32 43 46 32 46 41 36 44 46 34 46 39 32 43 44 34 31 35 42 33 45 42 44 41 36 30 45 34 43 34 
Found AES-256 key schedule at offset 0x5446e370: 
46 34 32 43 46 32 46 41 36 44 46 34 46 39 32 43 44 34 31 35 42 33 45 42 44 41 36 30 45 34 43 34 
Found AES-256 key schedule at offset 0x5446e480: 
46 34 32 43 46 32 46 41 36 44 46 34 46 39 32 43 44 34 31 35 42 33 45 42 44 41 36 30 45 34 43 34 
Found AES-256 key schedule at offset 0x5446e590: 
46 34 32 43 46 32 46 41 36 44 46 34 46 39 32 43 44 34 31 35 42 33 45 42 44 41 36 30 45 34 43 34 
Found AES-256 key schedule at offset 0x5446e7b0: 
46 34 32 43 46 32 46 41 36 44 46 34 46 39 32 43 44 34 31 35 42 33 45 42 44 41 36 30 45 34 43 34 
Found AES-256 key schedule at offset 0x5446eae0: 
46 34 32 43 46 32 46 41 36 44 46 34 46 39 32 43 44 34 31 35 42 33 45 42 44 41 36 30 45 34 43 34 
Found AES-256 key schedule at offset 0x565dc020: 
46 34 32 43 46 32 46 41 36 44 46 34 46 39 32 43 44 34 31 35 42 33 45 42 44 41 36 30 45 34 43 34 
Found AES-256 key schedule at offset 0x565dc130: 
46 34 32 43 46 32 46 41 36 44 46 34 46 39 32 43 44 34 31 35 42 33 45 42 44 41 36 30 45 34 43 34 
Found AES-256 key schedule at offset 0x565dc240: 
46 34 32 43 46 32 46 41 36 44 46 34 46 39 32 43 44 34 31 35 42 33 45 42 44 41 36 30 45 34 43 34 
Found AES-256 key schedule at offset 0x565dc350: 
46 34 32 43 46 32 46 41 36 44 46 34 46 39 32 43 44 34 31 35 42 33 45 42 44 41 36 30 45 34 43 34 
Found AES-256 key schedule at offset 0x565dc460: 
46 34 32 43 46 32 46 41 36 44 46 34 46 39 32 43 44 34 31 35 42 33 45 42 44 41 36 30 45 34 43 34 
Found AES-256 key schedule at offset 0x565dc570: 
46 34 32 43 46 32 46 41 36 44 46 34 46 39 32 43 44 34 31 35 42 33 45 42 44 41 36 30 45 34 43 34 
Found AES-256 key schedule at offset 0x565dc8a0: 
46 34 32 43 46 32 46 41 36 44 46 34 46 39 32 43 44 34 31 35 42 33 45 42 44 41 36 30 45 34 43 34 
Found AES-256 key schedule at offset 0x565dc9b0: 
46 34 32 43 46 32 46 41 36 44 46 34 46 39 32 43 44 34 31 35 42 33 45 42 44 41 36 30 45 34 43 34 
Found AES-256 key schedule at offset 0x565dcac0: 
46 34 32 43 46 32 46 41 36 44 46 34 46 39 32 43 44 34 31 35 42 33 45 42 44 41 36 30 45 34 43 34 
Found AES-256 key schedule at offset 0x565dcce0: 
46 34 32 43 46 32 46 41 36 44 46 34 46 39 32 43 44 34 31 35 42 33 45 42 44 41 36 30 45 34 43 34 
Found AES-256 key schedule at offset 0x565dcdf0: 
46 34 32 43 46 32 46 41 36 44 46 34 46 39 32 43 44 34 31 35 42 33 45 42 44 41 36 30 45 34 43 34 
Found AES-256 key schedule at offset 0x565dcf00: 
46 34 32 43 46 32 46 41 36 44 46 34 46 39 32 43 44 34 31 35 42 33 45 42 44 41 36 30 45 34 43 34 
Found AES-256 key schedule at offset 0x57785080: 
46 34 32 43 46 32 46 41 36 44 46 34 46 39 32 43 44 34 31 35 42 33 45 42 44 41 36 30 45 34 43 34 
Found AES-256 key schedule at offset 0x577852a0: 
46 34 32 43 46 32 46 41 36 44 46 34 46 39 32 43 44 34 31 35 42 33 45 42 44 41 36 30 45 34 43 34 
Found AES-256 key schedule at offset 0x577854c0: 
46 34 32 43 46 32 46 41 36 44 46 34 46 39 32 43 44 34 31 35 42 33 45 42 44 41 36 30 45 34 43 34 
Found AES-256 key schedule at offset 0x577855d0: 
46 34 32 43 46 32 46 41 36 44 46 34 46 39 32 43 44 34 31 35 42 33 45 42 44 41 36 30 45 34 43 34 
Found AES-256 key schedule at offset 0x57785900: 
46 34 32 43 46 32 46 41 36 44 46 34 46 39 32 43 44 34 31 35 42 33 45 42 44 41 36 30 45 34 43 34 
Found AES-256 key schedule at offset 0x57785a10: 
46 34 32 43 46 32 46 41 36 44 46 34 46 39 32 43 44 34 31 35 42 33 45 42 44 41 36 30 45 34 43 34 
Found AES-256 key schedule at offset 0x57785c30: 
46 34 32 43 46 32 46 41 36 44 46 34 46 39 32 43 44 34 31 35 42 33 45 42 44 41 36 30 45 34 43 34 
Found AES-256 key schedule at offset 0x59d1c050: 
46 34 32 43 46 32 46 41 36 44 46 34 46 39 32 43 44 34 31 35 42 33 45 42 44 41 36 30 45 34 43 34 
Found AES-256 key schedule at offset 0x59d1c160: 
46 34 32 43 46 32 46 41 36 44 46 34 46 39 32 43 44 34 31 35 42 33 45 42 44 41 36 30 45 34 43 34 
Found AES-256 key schedule at offset 0x59d1c490: 
46 34 32 43 46 32 46 41 36 44 46 34 46 39 32 43 44 34 31 35 42 33 45 42 44 41 36 30 45 34 43 34 
Found AES-256 key schedule at offset 0x5a2d5140: 
46 34 32 43 46 32 46 41 36 44 46 34 46 39 32 43 44 34 31 35 42 33 45 42 44 41 36 30 45 34 43 34 
Found AES-256 key schedule at offset 0x5a2d5250: 
46 34 32 43 46 32 46 41 36 44 46 34 46 39 32 43 44 34 31 35 42 33 45 42 44 41 36 30 45 34 43 34 
Found AES-256 key schedule at offset 0x5a2d5360: 
46 34 32 43 46 32 46 41 36 44 46 34 46 39 32 43 44 34 31 35 42 33 45 42 44 41 36 30 45 34 43 34 
Found AES-256 key schedule at offset 0x5a2d5580: 
46 34 32 43 46 32 46 41 36 44 46 34 46 39 32 43 44 34 31 35 42 33 45 42 44 41 36 30 45 34 43 34 
Found AES-256 key schedule at offset 0x5a2d58b0: 
46 34 32 43 46 32 46 41 36 44 46 34 46 39 32 43 44 34 31 35 42 33 45 42 44 41 36 30 45 34 43 34 
Found AES-256 key schedule at offset 0x5a2d5ad0: 
46 34 32 43 46 32 46 41 36 44 46 34 46 39 32 43 44 34 31 35 42 33 45 42 44 41 36 30 45 34 43 34 
Found AES-256 key schedule at offset 0x5a2d5be0: 
46 34 32 43 46 32 46 41 36 44 46 34 46 39 32 43 44 34 31 35 42 33 45 42 44 41 36 30 45 34 43 34 
Found AES-128 key schedule at offset 0x5afc62b0: 
63 64 77 7b ee 0a 6e b1 98 71 30 c1 d6 67 b5 d1 
Found AES-256 key schedule at offset 0x5bf72750: 
46 34 32 43 46 32 46 41 36 44 46 34 46 39 32 43 44 34 31 35 42 33 45 42 44 41 36 30 45 34 43 34 
Found AES-256 key schedule at offset 0x5bf72b90: 
46 34 32 43 46 32 46 41 36 44 46 34 46 39 32 43 44 34 31 35 42 33 45 42 44 41 36 30 45 34 43 34 
Found AES-256 key schedule at offset 0x60cb8040: 
46 34 32 43 46 32 46 41 36 44 46 34 46 39 32 43 44 34 31 35 42 33 45 42 44 41 36 30 45 34 43 34 
Found AES-256 key schedule at offset 0x60cb8370: 
46 34 32 43 46 32 46 41 36 44 46 34 46 39 32 43 44 34 31 35 42 33 45 42 44 41 36 30 45 34 43 34 
Found AES-256 key schedule at offset 0x60cb8590: 
46 34 32 43 46 32 46 41 36 44 46 34 46 39 32 43 44 34 31 35 42 33 45 42 44 41 36 30 45 34 43 34 
Found AES-256 key schedule at offset 0x60cb8910: 
46 34 32 43 46 32 46 41 36 44 46 34 46 39 32 43 44 34 31 35 42 33 45 42 44 41 36 30 45 34 43 34 
Found AES-256 key schedule at offset 0x60cb8a20: 
46 34 32 43 46 32 46 41 36 44 46 34 46 39 32 43 44 34 31 35 42 33 45 42 44 41 36 30 45 34 43 34 
Found AES-256 key schedule at offset 0x60cb8c40: 
46 34 32 43 46 32 46 41 36 44 46 34 46 39 32 43 44 34 31 35 42 33 45 42 44 41 36 30 45 34 43 34 
Found AES-256 key schedule at offset 0x60cb8d50: 
46 34 32 43 46 32 46 41 36 44 46 34 46 39 32 43 44 34 31 35 42 33 45 42 44 41 36 30 45 34 43 34 
Found AES-256 key schedule at offset 0x62102120: 
46 34 32 43 46 32 46 41 36 44 46 34 46 39 32 43 44 34 31 35 42 33 45 42 44 41 36 30 45 34 43 34 
Found AES-256 key schedule at offset 0x62102230: 
46 34 32 43 46 32 46 41 36 44 46 34 46 39 32 43 44 34 31 35 42 33 45 42 44 41 36 30 45 34 43 34 
Found AES-256 key schedule at offset 0x62102340: 
46 34 32 43 46 32 46 41 36 44 46 34 46 39 32 43 44 34 31 35 42 33 45 42 44 41 36 30 45 34 43 34 
Found AES-256 key schedule at offset 0x62102450: 
46 34 32 43 46 32 46 41 36 44 46 34 46 39 32 43 44 34 31 35 42 33 45 42 44 41 36 30 45 34 43 34 
Found AES-256 key schedule at offset 0x62102890: 
46 34 32 43 46 32 46 41 36 44 46 34 46 39 32 43 44 34 31 35 42 33 45 42 44 41 36 30 45 34 43 34 
Found AES-256 key schedule at offset 0x62102ab0: 
46 34 32 43 46 32 46 41 36 44 46 34 46 39 32 43 44 34 31 35 42 33 45 42 44 41 36 30 45 34 43 34 
Found AES-256 key schedule at offset 0x62102bc0: 
46 34 32 43 46 32 46 41 36 44 46 34 46 39 32 43 44 34 31 35 42 33 45 42 44 41 36 30 45 34 43 34 
Found AES-256 key schedule at offset 0x62102de0: 
46 34 32 43 46 32 46 41 36 44 46 34 46 39 32 43 44 34 31 35 42 33 45 42 44 41 36 30 45 34 43 34 
Found AES-256 key schedule at offset 0x62102ef0: 
46 34 32 43 46 32 46 41 36 44 46 34 46 39 32 43 44 34 31 35 42 33 45 42 44 41 36 30 45 34 43 34 
Found AES-256 key schedule at offset 0x623da220: 
46 34 32 43 46 32 46 41 36 44 46 34 46 39 32 43 44 34 31 35 42 33 45 42 44 41 36 30 45 34 43 34 
Found AES-256 key schedule at offset 0x623da330: 
46 34 32 43 46 32 46 41 36 44 46 34 46 39 32 43 44 34 31 35 42 33 45 42 44 41 36 30 45 34 43 34 
Found AES-256 key schedule at offset 0x623da440: 
46 34 32 43 46 32 46 41 36 44 46 34 46 39 32 43 44 34 31 35 42 33 45 42 44 41 36 30 45 34 43 34 
Found AES-256 key schedule at offset 0x623da880: 
46 34 32 43 46 32 46 41 36 44 46 34 46 39 32 43 44 34 31 35 42 33 45 42 44 41 36 30 45 34 43 34 
Found AES-256 key schedule at offset 0x623da990: 
46 34 32 43 46 32 46 41 36 44 46 34 46 39 32 43 44 34 31 35 42 33 45 42 44 41 36 30 45 34 43 34 
Found AES-256 key schedule at offset 0x65da6140: 
46 34 32 43 46 32 46 41 36 44 46 34 46 39 32 43 44 34 31 35 42 33 45 42 44 41 36 30 45 34 43 34 
Found AES-256 key schedule at offset 0x65da6250: 
46 34 32 43 46 32 46 41 36 44 46 34 46 39 32 43 44 34 31 35 42 33 45 42 44 41 36 30 45 34 43 34 
Found AES-256 key schedule at offset 0x65da6360: 
46 34 32 43 46 32 46 41 36 44 46 34 46 39 32 43 44 34 31 35 42 33 45 42 44 41 36 30 45 34 43 34 
Found AES-256 key schedule at offset 0x65da6580: 
46 34 32 43 46 32 46 41 36 44 46 34 46 39 32 43 44 34 31 35 42 33 45 42 44 41 36 30 45 34 43 34 
Found AES-256 key schedule at offset 0x65da68b0: 
46 34 32 43 46 32 46 41 36 44 46 34 46 39 32 43 44 34 31 35 42 33 45 42 44 41 36 30 45 34 43 34 
Found AES-256 key schedule at offset 0x65da6ad0: 
46 34 32 43 46 32 46 41 36 44 46 34 46 39 32 43 44 34 31 35 42 33 45 42 44 41 36 30 45 34 43 34 
Found AES-256 key schedule at offset 0x65da6be0: 
46 34 32 43 46 32 46 41 36 44 46 34 46 39 32 43 44 34 31 35 42 33 45 42 44 41 36 30 45 34 43 34 
Found AES-256 key schedule at offset 0x677eb060: 
46 34 32 43 46 32 46 41 36 44 46 34 46 39 32 43 44 34 31 35 42 33 45 42 44 41 36 30 45 34 43 34 
Found AES-256 key schedule at offset 0x677eb170: 
46 34 32 43 46 32 46 41 36 44 46 34 46 39 32 43 44 34 31 35 42 33 45 42 44 41 36 30 45 34 43 34 
Found AES-256 key schedule at offset 0x677eb280: 
46 34 32 43 46 32 46 41 36 44 46 34 46 39 32 43 44 34 31 35 42 33 45 42 44 41 36 30 45 34 43 34 
Found AES-256 key schedule at offset 0x677eb4a0: 
46 34 32 43 46 32 46 41 36 44 46 34 46 39 32 43 44 34 31 35 42 33 45 42 44 41 36 30 45 34 43 34 
Found AES-256 key schedule at offset 0x677eb6c0: 
46 34 32 43 46 32 46 41 36 44 46 34 46 39 32 43 44 34 31 35 42 33 45 42 44 41 36 30 45 34 43 34 
Found AES-256 key schedule at offset 0x677eb9f0: 
46 34 32 43 46 32 46 41 36 44 46 34 46 39 32 43 44 34 31 35 42 33 45 42 44 41 36 30 45 34 43 34 
Found AES-256 key schedule at offset 0x677ebe30: 
46 34 32 43 46 32 46 41 36 44 46 34 46 39 32 43 44 34 31 35 42 33 45 42 44 41 36 30 45 34 43 34 
Found AES-256 key schedule at offset 0x695b6750: 
46 34 32 43 46 32 46 41 36 44 46 34 46 39 32 43 44 34 31 35 42 33 45 42 44 41 36 30 45 34 43 34 
Found AES-256 key schedule at offset 0x695b6b90: 
46 34 32 43 46 32 46 41 36 44 46 34 46 39 32 43 44 34 31 35 42 33 45 42 44 41 36 30 45 34 43 34 
Found AES-256 key schedule at offset 0x747cd140: 
46 34 32 43 46 32 46 41 36 44 46 34 46 39 32 43 44 34 31 35 42 33 45 42 44 41 36 30 45 34 43 34 
Found AES-256 key schedule at offset 0x747cd250: 
46 34 32 43 46 32 46 41 36 44 46 34 46 39 32 43 44 34 31 35 42 33 45 42 44 41 36 30 45 34 43 34 
Found AES-256 key schedule at offset 0x747cd360: 
46 34 32 43 46 32 46 41 36 44 46 34 46 39 32 43 44 34 31 35 42 33 45 42 44 41 36 30 45 34 43 34 
Found AES-256 key schedule at offset 0x747cd580: 
46 34 32 43 46 32 46 41 36 44 46 34 46 39 32 43 44 34 31 35 42 33 45 42 44 41 36 30 45 34 43 34 
Found AES-256 key schedule at offset 0x747cd8b0: 
46 34 32 43 46 32 46 41 36 44 46 34 46 39 32 43 44 34 31 35 42 33 45 42 44 41 36 30 45 34 43 34 
Found AES-256 key schedule at offset 0x747cdad0: 
46 34 32 43 46 32 46 41 36 44 46 34 46 39 32 43 44 34 31 35 42 33 45 42 44 41 36 30 45 34 43 34 
Found AES-256 key schedule at offset 0x747cdbe0: 
46 34 32 43 46 32 46 41 36 44 46 34 46 39 32 43 44 34 31 35 42 33 45 42 44 41 36 30 45 34 43 34 
Found AES-256 key schedule at offset 0x75acc020: 
d8 4f 80 db b6 dc 6f d3 51 fb fa c0 82 dc da cb f9 d4 ad d9 d0 33 32 51 69 7a 1c 65 c5 50 5a ca 
Found AES-256 key schedule at offset 0x75ec94e0: 
46 34 32 43 46 32 46 41 36 44 46 34 46 39 32 43 44 34 31 35 42 33 45 42 44 41 36 30 45 34 43 34 
Found AES-256 key schedule at offset 0x75ec95f0: 
46 34 32 43 46 32 46 41 36 44 46 34 46 39 32 43 44 34 31 35 42 33 45 42 44 41 36 30 45 34 43 34 
Found AES-256 key schedule at offset 0x75ec9700: 
46 34 32 43 46 32 46 41 36 44 46 34 46 39 32 43 44 34 31 35 42 33 45 42 44 41 36 30 45 34 43 34 
Found AES-256 key schedule at offset 0x75ec9a30: 
46 34 32 43 46 32 46 41 36 44 46 34 46 39 32 43 44 34 31 35 42 33 45 42 44 41 36 30 45 34 43 34 
Found AES-256 key schedule at offset 0x75ec9e70: 
46 34 32 43 46 32 46 41 36 44 46 34 46 39 32 43 44 34 31 35 42 33 45 42 44 41 36 30 45 34 43 34 
Found AES-256 key schedule at offset 0x760f7170: 
46 34 32 43 46 32 46 41 36 44 46 34 46 39 32 43 44 34 31 35 42 33 45 42 44 41 36 30 45 34 43 34 
Found AES-256 key schedule at offset 0x760f75b0: 
46 34 32 43 46 32 46 41 36 44 46 34 46 39 32 43 44 34 31 35 42 33 45 42 44 41 36 30 45 34 43 34 
Found AES-256 key schedule at offset 0x760f78e0: 
46 34 32 43 46 32 46 41 36 44 46 34 46 39 32 43 44 34 31 35 42 33 45 42 44 41 36 30 45 34 43 34 
Found AES-256 key schedule at offset 0x760f7e30: 
46 34 32 43 46 32 46 41 36 44 46 34 46 39 32 43 44 34 31 35 42 33 45 42 44 41 36 30 45 34 43 34 
Found AES-256 key schedule at offset 0x76e0ecf0: 
b8 ae 2e bb fd 8b 91 f3 08 60 0e 08 1b b9 c4 36 89 d7 29 ce b6 1e 62 74 85 11 45 27 f5 af a3 dd 
Found AES-256 key schedule at offset 0x77989160: 
46 34 32 43 46 32 46 41 36 44 46 34 46 39 32 43 44 34 31 35 42 33 45 42 44 41 36 30 45 34 43 34 
Found AES-256 key schedule at offset 0x77989490: 
46 34 32 43 46 32 46 41 36 44 46 34 46 39 32 43 44 34 31 35 42 33 45 42 44 41 36 30 45 34 43 34 
Found AES-256 key schedule at offset 0x779896b0: 
46 34 32 43 46 32 46 41 36 44 46 34 46 39 32 43 44 34 31 35 42 33 45 42 44 41 36 30 45 34 43 34 
Found AES-256 key schedule at offset 0x779897c0: 
46 34 32 43 46 32 46 41 36 44 46 34 46 39 32 43 44 34 31 35 42 33 45 42 44 41 36 30 45 34 43 34 
Found AES-256 key schedule at offset 0x779898d0: 
46 34 32 43 46 32 46 41 36 44 46 34 46 39 32 43 44 34 31 35 42 33 45 42 44 41 36 30 45 34 43 34 
Found AES-256 key schedule at offset 0x779899e0: 
46 34 32 43 46 32 46 41 36 44 46 34 46 39 32 43 44 34 31 35 42 33 45 42 44 41 36 30 45 34 43 34 
Found AES-256 key schedule at offset 0x77989af0: 
46 34 32 43 46 32 46 41 36 44 46 34 46 39 32 43 44 34 31 35 42 33 45 42 44 41 36 30 45 34 43 34 
Found AES-256 key schedule at offset 0x77989c00: 
46 34 32 43 46 32 46 41 36 44 46 34 46 39 32 43 44 34 31 35 42 33 45 42 44 41 36 30 45 34 43 34 
Found AES-256 key schedule at offset 0x77989e20: 
46 34 32 43 46 32 46 41 36 44 46 34 46 39 32 43 44 34 31 35 42 33 45 42 44 41 36 30 45 34 43 34 
Found AES-256 key schedule at offset 0x79132040: 
46 34 32 43 46 32 46 41 36 44 46 34 46 39 32 43 44 34 31 35 42 33 45 42 44 41 36 30 45 34 43 34 
Found AES-256 key schedule at offset 0x79132370: 
46 34 32 43 46 32 46 41 36 44 46 34 46 39 32 43 44 34 31 35 42 33 45 42 44 41 36 30 45 34 43 34 
Found AES-256 key schedule at offset 0x79132480: 
46 34 32 43 46 32 46 41 36 44 46 34 46 39 32 43 44 34 31 35 42 33 45 42 44 41 36 30 45 34 43 34 
Found AES-256 key schedule at offset 0x79132590: 
46 34 32 43 46 32 46 41 36 44 46 34 46 39 32 43 44 34 31 35 42 33 45 42 44 41 36 30 45 34 43 34 
Found AES-256 key schedule at offset 0x791327b0: 
46 34 32 43 46 32 46 41 36 44 46 34 46 39 32 43 44 34 31 35 42 33 45 42 44 41 36 30 45 34 43 34 
Found AES-256 key schedule at offset 0x79132ae0: 
46 34 32 43 46 32 46 41 36 44 46 34 46 39 32 43 44 34 31 35 42 33 45 42 44 41 36 30 45 34 43 34 
Found AES-256 key schedule at offset 0x79227e10: 
46 34 32 43 46 32 46 41 36 44 46 34 46 39 32 43 44 34 31 35 42 33 45 42 44 41 36 30 45 34 43 34 
Found AES-256 key schedule at offset 0x7b247da0: 
67 59 7d 37 7a be 26 d3 2c 0c 79 11 81 f9 3b e6 d7 9b c3 ee 61 2f 64 c0 a2 10 e5 cd 3a 14 ba 8a 
Found AES-256 key schedule at offset 0x7c95f1e0: 
46 34 32 43 46 32 46 41 36 44 46 34 46 39 32 43 44 34 31 35 42 33 45 42 44 41 36 30 45 34 43 34 
Found AES-256 key schedule at offset 0x7c95f2f0: 
46 34 32 43 46 32 46 41 36 44 46 34 46 39 32 43 44 34 31 35 42 33 45 42 44 41 36 30 45 34 43 34 
Found AES-256 key schedule at offset 0x7c95f620: 
46 34 32 43 46 32 46 41 36 44 46 34 46 39 32 43 44 34 31 35 42 33 45 42 44 41 36 30 45 34 43 34 
Found AES-256 key schedule at offset 0x7c95fb70: 
46 34 32 43 46 32 46 41 36 44 46 34 46 39 32 43 44 34 31 35 42 33 45 42 44 41 36 30 45 34 43 34 
Found AES-256 key schedule at offset 0x7cdea070: 
46 34 32 43 46 32 46 41 36 44 46 34 46 39 32 43 44 34 31 35 42 33 45 42 44 41 36 30 45 34 43 34 
Found AES-256 key schedule at offset 0x7cdea3a0: 
46 34 32 43 46 32 46 41 36 44 46 34 46 39 32 43 44 34 31 35 42 33 45 42 44 41 36 30 45 34 43 34 
Found AES-256 key schedule at offset 0x7cdea5c0: 
46 34 32 43 46 32 46 41 36 44 46 34 46 39 32 43 44 34 31 35 42 33 45 42 44 41 36 30 45 34 43 34 
Found AES-256 key schedule at offset 0x7cdea6d0: 
46 34 32 43 46 32 46 41 36 44 46 34 46 39 32 43 44 34 31 35 42 33 45 42 44 41 36 30 45 34 43 34 
Found AES-256 key schedule at offset 0x7cdea8f0: 
46 34 32 43 46 32 46 41 36 44 46 34 46 39 32 43 44 34 31 35 42 33 45 42 44 41 36 30 45 34 43 34 
Found AES-256 key schedule at offset 0x7cdeab10: 
46 34 32 43 46 32 46 41 36 44 46 34 46 39 32 43 44 34 31 35 42 33 45 42 44 41 36 30 45 34 43 34 
Found AES-256 key schedule at offset 0x7ce72050: 
46 34 32 43 46 32 46 41 36 44 46 34 46 39 32 43 44 34 31 35 42 33 45 42 44 41 36 30 45 34 43 34 
Found AES-256 key schedule at offset 0x7ce72160: 
46 34 32 43 46 32 46 41 36 44 46 34 46 39 32 43 44 34 31 35 42 33 45 42 44 41 36 30 45 34 43 34 
Found AES-256 key schedule at offset 0x7ce72490: 
46 34 32 43 46 32 46 41 36 44 46 34 46 39 32 43 44 34 31 35 42 33 45 42 44 41 36 30 45 34 43 34 
Found AES-128 key schedule at offset 0x7e0af480: 
31 78 68 eb 03 a0 ea 55 3e d7 aa cf 98 81 5e 50 
